0.000000000000000000e+00 6.237071933409219504e-01 6.621000920620034869e-01 6.537662401082490193e-01 6.141405786362829078e-01 5.690877347293447075e-01 5.296358911696620320e-01 6.410997430564000510e-01 3.564907413000155678e-01 6.542797191632853115e-01 3.576117153920440050e-01 4.562812925508467066e-01 4.213977618350169263e-01 2.546277936392588037e-01 6.516608861190269497e-01 1.874098512833839714e-01 7.410678232785405939e-01 4.710210044426260123e-01 7.371710126565447219e-01 6.993595473983688082e-01 5.916477528550403431e-01 6.513405132069134407e-01 3.642863757346932463e-01 6.395428183602860361e-01 5.350714619020793261e-01 4.105268862356952764e-01 5.453091057095542649e-01 3.879164166052593288e-01 2.366813304958992337e-01 2.260594809554432316e-01 3.916127179352537069e-01 3.932847100593654388e-01 5.748748095445738171e-02 6.382304346404619189e-01 3.880904673325934473e-01 5.742000115592910126e-01 6.637709233576046808e-01 4.865622710141707663e-01 2.067260132757013646e-01 5.265765585446040564e-01 3.440816187002164184e-01 2.732114557260914567e-01 6.688144812175500498e-01 6.119709560587796027e-01 2.144603620607923866e-01 6.923611558773044017e-01 8.068537752211814018e-01 3.553169948718190030e-01 2.640102895119229021e-01 6.085508320885688605e-01 5.165020061140244145e-01 2.515805574203498485e-01 2.029035116702715968e-01 5.131096174712376223e-01 6.211757404030194829e-01 4.728049490401483035e-01 2.086221478194665579e-01 6.386887206163158748e-01 5.295674494229057894e-01 5.441944537439858953e-01 6.064192314472716117e-01 5.934026704216315284e-01 4.581667609101518490e-01 6.316848927373308609e-01 6.432876955676049002e-01 3.938121722503850619e-01 5.160138162369112269e-01 3.488860069479180481e-01 7.376867614961472031e-01 6.500689749673835838e-01 4.514304595358288874e-01 3.579050935566897573e-01 8.194055638297914612e-01 7.224946850281264155e-01 4.377567806681496587e-01 6.445184004760602381e-01 2.250905255694156393e-01 6.815301523347219170e-01 4.148445805465111325e-01 4.597111863815175337e-01 3.825063392168873699e-01 6.207600222394623612e-01 5.964513713614043589e-01 7.996707683605634998e-01 6.500772029729405821e-01 8.756674976315197423e-01 2.146340883061469140e-01 3.099836103625823111e-02 4.857396648680137874e-01 7.479796713203573644e-01 5.714056064283733471e-01 3.996380759533194049e-01 3.099591070949401228e-01 2.098164483205593178e-01 4.708355651468197900e-01 1.281483643293902519e-01 3.662269845909943977e-01 2.057388172473288979e-01 4.707144431877482993e-01 1.962531300387543309e-01
6.237071933409219504e-01 0.000000000000000000e+00 1.164221229154078774e+00 4.426593182917730185e-01 2.054556624760965899e-01 1.095631022172993907e+00 6.714681078752317012e-01 4.563016427908557771e-01 4.327029449552491358e-01 1.124117001392295340e-01 4.368967917233516629e-01 2.885663379968026465e-01 4.457862882219525980e-01 3.921622711201923628e-01 4.759081822785559135e-01 6.702269856196730879e-01 8.814272872197030928e-01 6.859349201402780150e-01 1.118025199645813039e+00 1.143731898450599749e+00 4.904669120961072659e-01 2.671510759218257980e-01 9.220332856350165196e-01 1.564329995062845036e-01 9.252617476691553655e-01 3.884222891762955099e-01 2.602484292348647421e-01 9.823829163728283742e-01 8.396230534738906570e-01 5.657528433543013158e-01 2.320953190004078348e-01 4.277016682079694543e-01 6.617833912012109909e-01 1.107396919036311989e+00 7.990146430669515798e-01 1.015231488609552368e+00 2.956199267375319573e-01 4.872215625411662199e-01 7.749781614952403475e-01 1.035112471502884324e+00 4.125032902205331142e-01 7.125585611821797505e-01 3.650704267688178462e-01 4.375280001223311732e-01 5.041952485289149521e-01 7.025225511009257628e-01 7.715868916005049760e-01 9.781201946598934160e-01 4.869109406073980351e-01 7.069956807426048817e-01 5.139828582954126812e-01 7.269787344946484486e-01 5.443914270922496357e-01 4.887855766080929087e-01 9.724648402167950234e-01 1.038264244825563232e+00 4.155584753887732186e-01 1.071373716493918993e+00 1.058901534961745661e+00 1.986211443492371942e-01 4.810486499152997752e-01 6.755163023314878501e-01 5.381460991226841850e-01 1.466367394450439621e-01 4.387945423510751786e-01 2.715234653446055857e-01 1.049019744156578948e+00 9.667542379411768749e-01 7.872363398404017554e-01 6.497339455146201592e-01 9.836828486843881558e-01 9.376540483703081907e-01 6.318393463622968831e-01 9.720881829928542661e-01 2.222260186083241107e-01 9.078415867981437515e-01 8.092407997093878924e-01 4.449815027883160523e-01 3.321142793477233068e-01 8.867104307750426351e-01 9.175022120499568556e-01 1.204244391694161628e-02 6.184354346590796858e-01 8.216663951388717413e-01 8.566170153937733289e-01 7.589300729181154281e-01 5.959901924154789032e-01 6.546564883820397140e-01 8.801523455369519855e-01 5.897473258160900178e-01 2.099034115540882872e-01 3.855836161417025010e-01 9.073308799541901504e-01 4.143906851377651135e-01 2.794278463155434045e-01 7.425813350632831655e-01 9.523893192282762987e-01 4.353825133559826588e-01 4.426900645735000750e-01 4.866855805698831472e-01
6.621000920620034869e-01 1.164221229154078774e+00 0.000000000000000000e+00 9.246045983280684055e-01 1.049946996109660136e+00 1.008308855399817072e-01 5.986542497073081837e-01 9.010982229370761987e-01 7.377797619296584397e-01 1.234840762991238572e+00 1.017871481437836234e+00 8.920209759192099241e-01 7.477348908143683914e-01 7.885502704824749465e-01 8.959253141627722128e-01 8.038716766394330415e-01 5.949861676698652291e-01 5.383107564011951895e-01 2.486993151309059014e-01 1.266940854862851351e-01 8.261376570765724958e-01 1.046758344992499978e+00 7.775180379979292900e-01 1.237589140971321999e+00 2.784207818600871742e-01 7.930073463917582943e-01 9.616323389299874513e-01 3.347396938807420397e-01 6.574611346691715541e-01 6.022136906931440103e-01 9.606076494976820701e-01 7.526632961238585162e-01 6.751694969406053515e-01 8.344614176464193456e-02 3.675452617759197849e-01 1.733679941593064822e-01 1.040722074327164348e+00 7.469713113062169674e-01 7.249972572229165246e-01 1.365949122752064537e-01 7.542732000106907586e-01 8.711813086105264503e-01 9.980865445756944565e-01 8.880165090551365159e-01 8.763704499164214345e-01 7.328080977737908563e-01 8.087963766493195816e-01 4.824165280825998825e-01 6.779768360509101921e-01 6.344396763185209398e-01 7.438427688796930282e-01 8.357390601951976139e-01 6.284908016548919063e-01 7.637574890560572261e-01 3.022689747961975204e-01 2.244086503594217019e-01 8.040997947393272449e-01 1.558618912465032924e-01 1.371447310773800943e-01 1.159197355749472580e+00 8.475750982208479778e-01 6.527614941106518742e-01 6.825990393442536996e-01 1.227454831206695740e+00 9.171069084775039792e-01 1.014072010040774297e+00 1.517160508451321221e-01 5.940790265784813284e-01 6.993396051965425908e-01 7.380290038485297632e-01 2.115232835091326868e-01 3.279301401786932635e-01 9.603639531828596088e-01 4.496585733857219602e-01 9.420527379996950224e-01 4.293005255697191491e-01 7.001554189781117321e-01 9.517385470651289481e-01 8.420314076267483294e-01 2.841268074521087761e-01 8.216971786664165611e-01 1.166626032146524494e+00 7.138357184305106351e-01 7.457921868124582909e-01 5.048930428281059868e-01 9.181745232160122283e-01 8.644349711802151726e-01 6.441714555510145157e-01 3.057008373967656789e-01 9.070439232767946169e-01 1.189877660000948634e+00 1.054700381284081390e+00 3.897806343945623420e-01 8.048191193457631121e-01 9.052527822104641242e-01 6.394225399939169607e-01 7.169829328514731870e-01 7.579877973871548269e-01 7.758483464051372236e-01 6.935039666012582371e-01
6.537662401082490193e-01 4.426593182917730185e-01 9.246045983280684055e-01 0.000000000000000000e+00 2.383321152692691458e-01 8.883082769330330475e-01 3.308573753089759650e-01 2.400298096749980958e-02 2.976821423398015587e-01 5.546257888637528000e-01 7.088094012251623388e-01 2.436338899123109414e-01 2.370625661741291301e-01 4.267144074231994932e-01 3.753105892269770899e-02 8.003939980489841455e-01 4.783371676169828057e-01 3.863060035703488881e-01 7.981564194051644634e-01 8.620460258119474473e-01 9.851816071684176002e-02 1.861548767888395739e-01 1.017674993706763731e+00 5.934774317283169065e-01 6.487324244683038144e-01 2.447823471931826755e-01 1.975379209888835363e-01 8.721554318475346346e-01 8.865423182200594665e-01 4.573994726289290491e-01 4.367698737492615169e-01 2.612087240681711942e-01 7.104491072131986495e-01 8.496365237018866923e-01 5.783133359877151713e-01 7.532232723635483573e-01 1.625842511601896800e-01 1.927598644695364682e-01 8.587095189924965899e-01 8.222693875350401971e-01 3.102442195663209223e-01 8.758364724842525595e-01 9.219370447549571357e-02 4.322359062240396788e-02 6.806996192029788340e-01 2.803115122798880421e-01 3.310679272539389650e-01 9.374501756316155898e-01 3.932718723471321232e-01 3.248584911277940246e-01 1.840152123510426230e-01 8.709487156859331281e-01 4.644602646759951603e-01 1.691721531142311719e-01 6.598373366458403222e-01 8.807630124751461009e-01 5.039628660890630441e-01 7.928693622165924326e-01 8.604496225156643696e-01 5.925314905443118674e-01 7.720734936424525352e-02 2.960539617814792468e-01 2.524641827317760101e-01 5.824961843816766072e-01 1.048279269651385820e-02 5.511311461341761309e-01 8.558288390748070018e-01 9.768670965965192687e-01 3.648383243484764060e-01 2.357910667322843379e-01 8.026636800201637501e-01 8.164633904011435739e-01 2.032445526491552523e-01 6.032132603281287198e-01 3.308328752180039189e-01 5.584388720367363668e-01 8.788505161025041978e-01 2.971090723094995528e-02 2.591314221705105503e-01 6.465316737284120263e-01 1.032907862778208896e+00 4.529943333542047479e-01 2.284408308888569716e-01 3.880063201131561113e-01 4.887676714497820041e-01 3.195193268844033763e-01 7.639410462801193846e-01 6.787291050031176720e-01 6.191701620744155532e-01 1.489440098924800504e-01 6.173457011500377289e-01 6.858702266535438019e-01 8.158780385842961946e-01 5.030149474091566431e-01 2.365510197658049762e-01 7.775285326015949350e-01 1.017906512224386661e+00 4.673073952215147098e-01 1.884324080451181271e-01 4.576245238638148582e-01
6.141405786362829078e-01 2.054556624760965899e-01 1.049946996109660136e+00 2.383321152692691458e-01 0.000000000000000000e+00 9.942548709117510208e-01 5.034577304150225086e-01 2.535540036329050340e-01 3.191449603586314909e-01 3.178483898995445589e-01 5.474762707338498569e-01 1.684428273370625062e-01 3.025434891642040380e-01 3.595130199855713360e-01 2.728204727313087719e-01 7.144667626493684809e-01 6.951107505218587779e-01 5.335735220338042595e-01 9.686039064582733227e-01 1.010935372295794776e+00 2.968290814391787991e-01 6.631617690230345863e-02 9.573973014867610543e-01 3.594309794212521281e-01 7.904555827187811357e-01 2.589762818762795793e-01 8.831466694406919782e-02 9.216920466101476972e-01 8.486128728916296771e-01 4.841597617569316503e-01 2.752570305092334468e-01 2.984903077718382147e-01 6.638932398203430951e-01 9.843065831550726896e-01 6.834584854936675002e-01 8.885760260555539691e-01 9.452706883964821782e-02 3.199005829632243780e-01 7.998621920636148630e-01 9.300467833828451880e-01 3.102523877853014533e-01 7.756630595144204943e-01 1.601354495715558157e-01 2.378750793198814162e-01 5.642918446637767982e-01 5.071450861459081416e-01 5.689094312782327911e-01 9.494561225198352439e-01 4.027412456543632002e-01 5.256621188575234527e-01 3.388235782305268895e-01 7.806346989216778054e-01 4.739618572579940570e-01 3.137501179425781772e-01 8.237778116827543240e-01 9.576923083550119564e-01 4.174864311949036400e-01 9.387773488755877249e-01 9.606582329828854405e-01 3.740596867681598159e-01 2.842673244480472539e-01 4.942342451094044464e-01 3.801357765966104640e-01 3.488542651827025720e-01 2.352209386975787631e-01 3.744097068981624421e-01 9.528718937518527721e-01 9.618114680757068324e-01 5.925297649272800449e-01 4.564444236469277771e-01 8.913073560627969849e-01 8.706873776198101877e-01 4.270018629425605394e-01 8.004735557618154473e-01 1.838027968611087859e-01 7.430727919294334294e-01 8.283438551510194925e-01 2.395452364106207821e-01 2.190000251418279531e-01 7.660409778064427577e-01 9.625111878883366723e-01 2.162656513500754718e-01 4.319023832678114405e-01 6.224690379196666790e-01 6.837010419206815959e-01 5.534747694361350501e-01 6.566562743595922846e-01 6.440252428441959331e-01 7.505784727522389899e-01 3.844426578382011406e-01 3.948169277181259318e-01 5.103008834348596867e-01 8.529657920818234373e-01 4.162858477214874675e-01 1.534163667946001064e-01 7.418938649431024990e-01 9.737870983098083633e-01 4.084138022418802860e-01 2.811682355241132414e-01 4.345374049490766111e-01
5.690877347293447075e-01 1.095631022172993907e+00 1.008308855399817072e-01 8.883082769330330475e-01 9.942548709117510208e-01 0.000000000000000000e+00 5.726395744045457148e-01 8.654429237531640062e-01 6.771296111595329625e-01 1.160764664101426202e+00 9.262706130375937263e-01 8.317927625063646913e-01 6.949249875408414212e-01 7.124794025886259652e-01 8.623519649613413662e-01 7.052823983316446332e-01 6.086218767735180890e-01 5.052577653984774431e-01 3.097563205408743747e-01 2.002321087872755423e-01 7.907876890545293413e-01 9.966371739158098597e-01 6.775262555504933948e-01 1.160601566710495192e+00 2.659922885352033473e-01 7.354032550901459242e-01 9.062645626685993383e-01 2.343685026329760113e-01 5.566319010953080237e-01 5.300512007391993130e-01 8.848301898606065752e-01 6.957726940520913006e-01 5.790056852368655749e-01 1.318302127484421715e-01 3.134535937713567311e-01 1.745313431838556861e-01 9.930446111135529108e-01 7.032995737767724354e-01 6.245472464449461913e-01 6.603889710139888847e-02 6.910132588247323016e-01 7.713688336551349778e-01 9.559423046780031186e-01 8.494986067568485177e-01 7.835305835455911305e-01 7.225494570707119424e-01 8.091323357989472775e-01 3.837171834467383302e-01 6.090055626849348869e-01 6.194216545838301391e-01 7.047804765563409068e-01 7.357395892424992700e-01 5.535374860030907174e-01 7.225594450516583667e-01 3.184686308985873460e-01 1.245304788197456602e-01 7.216144714468178956e-01 1.936924258421015010e-01 3.957717642734066843e-02 1.078683628149253115e+00 8.123024210116402966e-01 6.335099125917729168e-01 6.394415731448825913e-01 1.150781311395026485e+00 8.800895958946512998e-01 9.314845099503800130e-01 5.319551923882193806e-02 4.953549466838498283e-01 7.004785701121762909e-01 7.202569569883389144e-01 1.185534164123027701e-01 2.276871005710220386e-01 9.448160823213566095e-01 4.767496882409191783e-01 8.744327009730632483e-01 4.402625001764725599e-01 5.994121897320751069e-01 9.165384201466706404e-01 7.809815381084330710e-01 2.427308387621045227e-01 7.215591639530996027e-01 1.097263425964787764e+00 6.896789579555643313e-01 7.523841205424520728e-01 5.098007032016184104e-01 9.165395060794572224e-01 7.677642547279354135e-01 5.496444993581109939e-01 2.767564310517293125e-01 8.866974253515986781e-01 1.108938099141127731e+00 9.651584206946222100e-01 2.893159439019291068e-01 7.224070647151087377e-01 8.456575731077681235e-01 5.403496419795381644e-01 6.177609031741007062e-01 6.786900713484050884e-01 7.276593972768159446e-01 6.164518778780703201e-01
5.296358911696620320e-01 6.714681078752317012e-01 5.986542497073081837e-01 3.308573753089759650e-01 5.034577304150225086e-01 5.726395744045457148e-01 0.000000000000000000e+00 3.069052710630646441e-01 2.744379265146120739e-01 7.699745901905485912e-01 7.488407275882639214e-01 3.850549357214836932e-01 2.319862682970124101e-01 4.213546901545332513e-01 2.994929060098371343e-01 7.133953141180182644e-01 2.344697785144145008e-01 7.574543429347377343e-02 4.707970029312163462e-01 5.312484776227900385e-01 2.331541059146141348e-01 4.804116138566719707e-01 8.701582971176470283e-01 7.927515725238906130e-01 3.205887485236877943e-01 2.921702921999021485e-01 4.211670305470120446e-01 6.050402106734438235e-01 7.223338189311788726e-01 3.056351751517087934e-01 5.441415203521102750e-01 2.595940225024649384e-01 5.839242771844416202e-01 5.213232576698018095e-01 2.813063496488683590e-01 4.257300206584407887e-01 4.673502629401647956e-01 1.853505563837218872e-01 7.258699514539538322e-01 5.073158925673751929e-01 3.022871832838696649e-01 7.989679492829707685e-01 4.126811980918903555e-01 2.987083421359260083e-01 6.585637648455732185e-01 1.761916022004994531e-01 2.881439899850473108e-01 7.064909063291467950e-01 3.045178723935741405e-01 7.918758168885549342e-02 1.651032456719903341e-01 7.804936474119390510e-01 3.345491536841443958e-01 1.898478574468267788e-01 3.297612140970132000e-01 5.870273276169372112e-01 4.894390937556103993e-01 4.624908437389381732e-01 5.493371484308300357e-01 7.503651159201052412e-01 2.539211625023841679e-01 7.148545936860428718e-02 1.356468604822357038e-01 7.812799470853351025e-01 3.245145872306062218e-01 6.457059230241448677e-01 5.471161519394701633e-01 7.748538968407676641e-01 2.081499334987228500e-01 1.539564685735191618e-01 5.028874224009695082e-01 5.487105124048460292e-01 3.761827119672800923e-01 3.006263660918878089e-01 4.707798412903306806e-01 2.396261569034825734e-01 7.322456017132623618e-01 3.563139091874773512e-01 3.497250939794195879e-01 3.307545455345025642e-01 8.977736310458211966e-01 6.781714127283992033e-01 1.170855117331951190e-01 2.705155422254421071e-01 1.855828674986853277e-01 3.775622621996049255e-01 7.133777133878855814e-01 5.423187553621776624e-01 2.967380573869389804e-01 3.147349790127017544e-01 7.810016985664225420e-01 7.524305232679923128e-01 5.669312505675698777e-01 4.891874951829274787e-01 3.926332509708510554e-01 6.246105653561320192e-01 8.490856859522941669e-01 4.311946748912691696e-01 2.288876084077270390e-01 3.773581309860705724e-01
6.410997430564000510e-01 4.563016427908557771e-01 9.010982229370761987e-01 2.400298096749980958e-02 2.535540036329050340e-01 8.654429237531640062e-01 3.069052710630646441e-01 0.000000000000000000e+00 2.846092133982707217e-01 5.677838369940504393e-01 7.081001751262110400e-01 2.432534694313496504e-01 2.217578973504648610e-01 4.190236679689796073e-01 1.980577705166466571e-02 7.911315960763501964e-01 4.563206350331959205e-01 3.628499274987637691e-01 7.741829161736486498e-01 8.381174292710559248e-01 7.497469770204127915e-02 2.047034133258193722e-01 1.005311616216655768e+00 6.053787684066214148e-01 6.250189948577856702e-01 2.346073347730429914e-01 2.055944520315074464e-01 8.520642878387941765e-01 8.726597141064125207e-01 4.409069946952426378e-01 4.385863428487937754e-01 2.478393907955047104e-01 6.980470984392521672e-01 8.259480966640763144e-01 5.560003957455907919e-01 7.295766171755346807e-01 1.824780969735912972e-01 1.728554124970242967e-01 8.467150768590193666e-01 7.994062369265420021e-01 2.988712699357530256e-01 8.676523483757054844e-01 1.140525355532969881e-01 3.043323726787211178e-02 6.751322801163635035e-01 2.594881711772708544e-01 3.155169662828363752e-01 9.196230620697765090e-01 3.791030852722524491e-01 3.012680312192814180e-01 1.618675282228121404e-01 8.618162029995448670e-01 4.492928942408065396e-01 1.483784168984562668e-01 6.358368522095172448e-01 8.591663444343662359e-01 4.969827744221138044e-01 7.689995941314160532e-01 8.378354294555689918e-01 6.006755778808516855e-01 5.352564947228060505e-02 2.722960695502686379e-01 2.310653719977124321e-01 5.942826385741956097e-01 2.004901608704360780e-02 5.533980973098844292e-01 8.333497210313187686e-01 9.609094047391969484e-01 3.444368889856025406e-01 2.136305072509238623e-01 7.806315912162586912e-01 7.962203979249435903e-01 2.015039632040798445e-01 5.798297570796526745e-01 3.334944597356854779e-01 5.345930845432290690e-01 8.660561002600566383e-01 5.112462699162015345e-02 2.540326326216188479e-01 6.234755121264373701e-01 1.021405990458726931e+00 4.663569781273418369e-01 2.047154684125670476e-01 3.698599257158272646e-01 4.651738141861341824e-01 3.110685494057529032e-01 7.569597955076766693e-01 6.654879749235200759e-01 5.957578498156078650e-01 1.413423112485538147e-01 6.261885056655289716e-01 6.870680113867922989e-01 7.966883914834524960e-01 4.960714115687900883e-01 2.375436225250579791e-01 7.638677657758768946e-01 1.004161322748121865e+00 4.581770829547424650e-01 1.725083171312718211e-01 4.453499548344859171e-01
3.564907413000155678e-01 4.327029449552491358e-01 7.377797619296584397e-01 2.976821423398015587e-01 3.191449603586314909e-01 6.771296111595329625e-01 2.744379265146120739e-01 2.846092133982707217e-01 0.000000000000000000e+00 5.177941338892010359e-01 4.840558005600882341e-01 1.547129485843552477e-01 6.859333792708906252e-02 1.581389662249096106e-01 2.954198654782148048e-01 5.120828489757516255e-01 5.078345044377347017e-01 2.647776952863020172e-01 6.875405727053404137e-01 7.112796137506581795e-01 2.388238343900986327e-01 3.320909883646079308e-01 7.207225959277219207e-01 5.330856072668053169e-01 4.925614191595397151e-01 6.309915981099180338e-02 2.326803636653792251e-01 6.073397273306234689e-01 5.889300617822357253e-01 1.711110882384114795e-01 2.715165401642631871e-01 3.686698608438249147e-02 4.134764020779898575e-01 6.770424735766454871e-01 3.703089727856678226e-01 5.836137615912248000e-01 3.357763273391009551e-01 1.421922810566179085e-01 5.622981818651749952e-01 6.137714778255469739e-01 2.794076828832412276e-02 5.919315232097274171e-01 3.231263640937792059e-01 2.555737007222217416e-01 4.153594247565441933e-01 3.855586148386030976e-01 4.926995220174534285e-01 6.517024893443571498e-01 9.688367412033882520e-02 3.365532766365357253e-01 1.774617541900255502e-01 5.828478709378127620e-01 1.704013899027664314e-01 1.662170533937465944e-01 5.425558726230416129e-01 6.387522313100131299e-01 2.350998543636526050e-01 6.388642375811980356e-01 6.427298730744598343e-01 4.805087112903595470e-01 2.517303433599878404e-01 3.097761191277943471e-01 1.461414802694278592e-01 5.218599381124817693e-01 2.871999313447337054e-01 3.712915266218588251e-01 6.345463202654690882e-01 6.825875477462459706e-01 4.537776091566804171e-01 3.337833963431167117e-01 5.723911851636735992e-01 5.547517475406953391e-01 4.681184236685467237e-01 5.629726164618584772e-01 2.134615684340400721e-01 4.915463348846334513e-01 5.814660926829037235e-01 3.259016527175828126e-01 1.042667419760626435e-01 4.563920326627993185e-01 7.373205091462002869e-01 4.367676231049706925e-01 2.822727822615795357e-01 5.082380872794111104e-01 4.541435698120366293e-01 5.409557367314554721e-01 4.875531420710763064e-01 3.810790324966135123e-01 4.476864043048890407e-01 3.974529592904571529e-01 5.116509407695105649e-01 4.818089936202928358e-01 5.421971939726438761e-01 2.345012259805313304e-01 1.685353466160587343e-01 4.798619703088347066e-01 7.202424533398208428e-01 1.846718992216094535e-01 1.159309015061632392e-01 1.610321235153768793e-01
6.542797191632853115e-01 1.124117001392295340e-01 1.234840762991238572e+00 5.546257888637528000e-01 3.178483898995445589e-01 1.160764664101426202e+00 7.699745901905485912e-01 5.677838369940504393e-01 5.177941338892010359e-01 0.000000000000000000e+00 4.061771608911293185e-01 3.849340964732621551e-01 5.401479711846621790e-01 4.484501841738697259e-01 5.874595239487452325e-01 6.693185686928507794e-01 9.857069550188626295e-01 7.783285770837334860e-01 1.205234374086239457e+00 1.223174726862326533e+00 5.991828629636178905e-01 3.793032452756602280e-01 9.191239837006786040e-01 5.224279828356275662e-02 1.007495137758900094e+00 4.808458839433054077e-01 3.685651830311960087e-01 1.029255527541054871e+00 8.532824739371133171e-01 6.326399293572924076e-01 2.764979181231563832e-01 5.182557536380542063e-01 6.846819433449213843e-01 1.182626583321345404e+00 8.744921452217269131e-01 1.092926097395957585e+00 4.076841198725901227e-01 5.880625618439087043e-01 7.816010794734321587e-01 1.102636499351349331e+00 4.947373240388228122e-01 6.989225217686553249e-01 4.774568250487519205e-01 5.482028305253339173e-01 5.022346115749434237e-01 8.109213338099489077e-01 8.826809567127312794e-01 1.008857029747893375e+00 5.583364033271903670e-01 8.101639767289250393e-01 6.168475924949915479e-01 7.185215987848546648e-01 6.073817197902836584e-01 5.919719685043169921e-01 1.060348856558922526e+00 1.094071911617020998e+00 4.532798954628396437e-01 1.151276809721929251e+00 1.122939623898609796e+00 1.396617188809405607e-01 5.907335160501819837e-01 7.788762298873755929e-01 6.350000355000671171e-01 4.708165239511066802e-02 5.505429260793598401e-01 2.678388805000975759e-01 1.112174181955369878e+00 9.852053589140610246e-01 8.951519901045146277e-01 7.575534563882504457e-01 1.045859606852582946e+00 9.883308746881358520e-01 7.441712090910097555e-01 1.069854250562294107e+00 3.045656479290591023e-01 1.003085603201914866e+00 8.181259389554358386e-01 5.573445350126606801e-01 4.231170934270961914e-01 9.631520944838951603e-01 9.091576505801037822e-01 1.016815737080541543e-01 7.240491391904088081e-01 9.312969448291018582e-01 9.555571775903980436e-01 8.713196540529920542e-01 5.884982224905961345e-01 6.845171095835141939e-01 9.605979643659129374e-01 7.020223793515401045e-01 1.341030443156428498e-01 3.485744651773695635e-01 9.523606916537884493e-01 4.522357016680269015e-01 3.779783938324637327e-01 7.641562524476437357e-01 9.567308284114381944e-01 4.854351096413399014e-01 5.427266062171184346e-01 5.446421895529791612e-01
3.576117153920440050e-01 4.368967917233516629e-01 1.017871481437836234e+00 7.088094012251623388e-01 5.474762707338498569e-01 9.262706130375937263e-01 7.488407275882639214e-01 7.081001751262110400e-01 4.840558005600882341e-01 4.061771608911293185e-01 0.000000000000000000e+00 4.652401478026729764e-01 5.461366358389748710e-01 3.282675592950185517e-01 7.255994396175741157e-01 2.873192044446077897e-01 9.827064485440706321e-01 7.170871077771285851e-01 1.068692710196937457e+00 1.046056995189629024e+00 6.942839409499893533e-01 6.090183571729521628e-01 5.246998237865641013e-01 3.693340698742528239e-01 8.610418711296182748e-01 4.978037478421801221e-01 5.260211137673216353e-01 7.394734063081462860e-01 4.878932706176651313e-01 4.780678599209673418e-01 2.771082816754105727e-01 5.113722881449503932e-01 3.587067316699356079e-01 9.887478883586702239e-01 7.108944682140155846e-01 9.168681731492386300e-01 6.333237653104754061e-01 6.200205614775995411e-01 4.063189416213568994e-01 8.816363785247309792e-01 4.570177697285290330e-01 2.979060715218157518e-01 6.755631741692504910e-01 6.785820711115869708e-01 1.447502274722560489e-01 8.687256111733228092e-01 9.725864739815530680e-01 6.742445771632900042e-01 4.472679475688127182e-01 8.177188455026662695e-01 6.563445226722282033e-01 3.224370688763369963e-01 4.439123325092820260e-01 6.396773388624387158e-01 9.386739535522773403e-01 8.295939032690820003e-01 2.610019977918452971e-01 9.812107149145105067e-01 8.867091967782628759e-01 2.673597117980970883e-01 6.989245620274503468e-01 7.924959015721583233e-01 6.294923581986868744e-01 3.664202426750402530e-01 6.999125212240681071e-01 1.744299926896981101e-01 8.732959730994868108e-01 6.234012772310967287e-01 9.377138930524627769e-01 8.158677779356913184e-01 8.082124513654728171e-01 7.140891304925990335e-01 9.095515944886775062e-01 1.008248900345311672e+00 3.825307694927274627e-01 9.306536844894558458e-01 4.451310399613643831e-01 7.277153959561770691e-01 4.588218216716313802e-01 7.933623219305798724e-01 5.094229956473979026e-01 4.279280663131733164e-01 7.656002905588543683e-01 9.921513094050389281e-01 9.131086294850391250e-01 1.006973151100434061e+00 2.011849833609046512e-01 3.796726320698410317e-01 8.101482115205069778e-01 8.456151379113744371e-01 2.818289626374775869e-01 5.961228127505893010e-02 6.625906436983293180e-01 2.610918215007935195e-01 4.725037609627446566e-01 4.242698200652100238e-01 5.709447859632776900e-01 3.202821431379421768e-01 5.817566689435622607e-01 3.828850742811203411e-01
4.562812925508467066e-01 2.885663379968026465e-01 8.920209759192099241e-01 2.436338899123109414e-01 1.684428273370625062e-01 8.317927625063646913e-01 3.850549357214836932e-01 2.432534694313496504e-01 1.547129485843552477e-01 3.849340964732621551e-01 4.652401478026729764e-01 0.000000000000000000e+00 1.572337494191380913e-01 2.051080395237752929e-01 2.612469373247415239e-01 5.770176343452587675e-01 6.038791442492089656e-01 3.974422432932951943e-01 8.306990590379420558e-01 8.618045029273941893e-01 2.405181025335269007e-01 1.955063200343205576e-01 8.102963315337951000e-01 4.093388659991312739e-01 6.418150429748276098e-01 1.012251194860868814e-01 8.935940689063953668e-02 7.532607527188563967e-01 6.927693015566748214e-01 3.158830934875139773e-01 1.966501961008621790e-01 1.415640503489516699e-01 5.089555431698195020e-01 8.300038739447037628e-01 5.244758344059130550e-01 7.357154749717120801e-01 2.076541395393410316e-01 2.043393783134281605e-01 6.509520467300843327e-01 7.684843898476416690e-01 1.426314063362191242e-01 6.466867569983174580e-01 2.233401910029319537e-01 2.142350290250646105e-01 4.435703669625374879e-01 4.419654704391913214e-01 5.306596869670503480e-01 7.833364645778058133e-01 2.343284250326180818e-01 4.275859842925908705e-01 2.354522420858012333e-01 6.461638647372550670e-01 3.056545353050559299e-01 2.116102542583548352e-01 6.850348868044846551e-01 7.907631105217899359e-01 2.749099316628433320e-01 7.893290138336603867e-01 7.972346363886408938e-01 3.790321649631092082e-01 2.404108687779743792e-01 3.967123051899267838e-01 2.503814419878772624e-01 3.978280548799836280e-01 2.346748812798764294e-01 3.116251292477495438e-01 7.888928770194739704e-01 8.005769692302969753e-01 5.228003296601657635e-01 3.871876100903141604e-01 7.262657916078996134e-01 7.023953037932956223e-01 4.447349193584803628e-01 6.851809554768260035e-01 9.584849214173810084e-02 6.196483550156079989e-01 6.765433133246572250e-01 2.635934283676685808e-01 5.117402260963764549e-02 6.097405939334473723e-01 8.197125146673488461e-01 2.944307489820779389e-01 3.468677531771457989e-01 5.665527712096976032e-01 5.706337363507157923e-01 5.485756669022987531e-01 5.308852125963540169e-01 4.851330854804435933e-01 5.987020763592367789e-01 3.826417790003071029e-01 4.078602088557317096e-01 4.440307804556475890e-01 6.846245594193527406e-01 2.738141316309171125e-01 1.516150085580359949e-02 5.843990715212230569e-01 8.208285833732297254e-01 2.524917839386257579e-01 1.586566999044820847e-01 2.692339499710291739e-01
4.213977618350169263e-01 4.457862882219525980e-01 7.477348908143683914e-01 2.370625661741291301e-01 3.025434891642040380e-01 6.949249875408414212e-01 2.319862682970124101e-01 2.217578973504648610e-01 6.859333792708906252e-02 5.401479711846621790e-01 5.461366358389748710e-01 1.572337494191380913e-01 0.000000000000000000e+00 2.241881826329887584e-01 2.308746462038026304e-01 5.802831912514224699e-01 4.595633247746667704e-01 2.402312200670032594e-01 6.742703362999175054e-01 7.096889634252302459e-01 1.710727634989852308e-01 3.019266995653465124e-01 7.855800467391803599e-01 5.612439704059395407e-01 4.891567228167827963e-01 6.018408330430373432e-02 2.143282961231124661e-01 6.466386719879021472e-01 6.512005547890429291e-01 2.208494862120390367e-01 3.156989401555269081e-01 3.495931882749455516e-02 4.787016295827586365e-01 6.817904437171070642e-01 3.823335014175613389e-01 5.861890384350116889e-01 3.001776642174675547e-01 7.472778340599597890e-02 6.278634896948458444e-01 6.300022950503010311e-01 9.152876249891719884e-02 6.604276056914547555e-01 2.751211636608238975e-01 1.940515307433221814e-01 4.829644514259993637e-01 3.227865560512457321e-01 4.272787581018868686e-01 7.024677787030029208e-01 1.578683201605980968e-01 2.844609567151135110e-01 1.107773069539728789e-01 6.510165190480572406e-01 2.275724039948961719e-01 9.778993541653474564e-02 5.286146138535182670e-01 6.681053725179585401e-01 3.022220629436423445e-01 6.373447916869431351e-01 6.626192060868825173e-01 5.191529230739020395e-01 1.850595922634055424e-01 2.555267826250018914e-01 9.643196098797580940e-02 5.497978178778949454e-01 2.266740895920970889e-01 4.226582676109902348e-01 6.556981983442117246e-01 7.398091111918216889e-01 3.949701193121779585e-01 2.697318179284194373e-01 5.964660445538421119e-01 5.923021701455091215e-01 4.002262896759736233e-01 5.300648314015061757e-01 2.388815527699717500e-01 4.630553531492668795e-01 6.457824224499210120e-01 2.661786879846651521e-01 1.178688169183813444e-01 4.636798233025501426e-01 8.033006900098657033e-01 4.515229662023911295e-01 2.199871438808946311e-01 4.469553023845822537e-01 4.169191989378303043e-01 4.726956313977159763e-01 5.560669695951289127e-01 4.448198420384688601e-01 4.482667243271521440e-01 3.293338161637702766e-01 5.495763231094782375e-01 5.400896026748794876e-01 5.857196007274965144e-01 3.015671317217188951e-01 1.672335491322507195e-01 5.426315855739040073e-01 7.827651433034439332e-01 2.530822035022216587e-01 4.947392572777258024e-02 2.276699018253331430e-01
2.546277936392588037e-01 3.921622711201923628e-01 7.885502704824749465e-01 4.267144074231994932e-01 3.595130199855713360e-01 7.124794025886259652e-01 4.213546901545332513e-01 4.190236679689796073e-01 1.581389662249096106e-01 4.484501841738697259e-01 3.282675592950185517e-01 2.051080395237752929e-01 2.241881826329887584e-01 0.000000000000000000e+00 4.333215092126258550e-01 3.751669747406926603e-01 6.556918544705534480e-01 3.951753234964027750e-01 7.843245079821248300e-01 7.862168390917471106e-01 3.869804458145417181e-01 3.982472718682162904e-01 6.051912411350617305e-01 4.490448529131300659e-01 5.786444425539684078e-01 1.866934700388613033e-01 2.928098626948086314e-01 5.904340011894984031e-01 4.897429676214634098e-01 1.883513947208205197e-01 1.723805780680076061e-01 1.893653326418582306e-01 3.052029939942819681e-01 7.404587457221910585e-01 4.359960776398009163e-01 6.546176879551716121e-01 4.123560624009724451e-01 2.989010202704038277e-01 4.458561900453045790e-01 6.550910955395307100e-01 1.327140518181919582e-01 4.491482056318107374e-01 4.252773336132506521e-01 3.886250925037298409e-01 2.598231682217879701e-01 5.435526756775999058e-01 6.507278239446101509e-01 5.966928202344684573e-01 1.282322290677574694e-01 4.894521834239042857e-01 3.347722100555318159e-01 4.452852773785336282e-01 1.600891554294789632e-01 3.213347857178416866e-01 6.444900291547742688e-01 6.475935693952927785e-01 7.893462927608148327e-02 7.157603697524088648e-01 6.745349912993564567e-01 3.741742805323274856e-01 3.963469597599775796e-01 4.643609397195859190e-01 3.018345933566664585e-01 4.389552485566017848e-01 4.165573379130552145e-01 2.397672963667144552e-01 6.637258029061193776e-01 6.026937974921441343e-01 6.101472461058778940e-01 4.919223462792815527e-01 5.974202075090246922e-01 5.455295534323237883e-01 6.139056018659134750e-01 6.923361986774526633e-01 1.861916916200828942e-01 6.166328148201772885e-01 4.718524492851999264e-01 4.516943566535723265e-01 1.704331050385437807e-01 5.246218051188991094e-01 6.150740214951503360e-01 3.918413506197320206e-01 4.402775428361595522e-01 6.656747243550712456e-01 5.910494319289387732e-01 6.957375917784752728e-01 3.381085237856200076e-01 2.845743479153590161e-01 5.290538651039116136e-01 5.450174020381723938e-01 4.054744405782199634e-01 3.318027645756057020e-01 5.159706780010371308e-01 7.815516125345514653e-02 2.190080023238362705e-01 3.824660623060218700e-01 6.165833516344032539e-01 4.892142170847488952e-02 2.661437975348052709e-01 9.621330191397074738e-02
6.516608861190269497e-01 4.759081822785559135e-01 8.959253141627722128e-01 3.753105892269770899e-02 2.728204727313087719e-01 8.623519649613413662e-01 2.994929060098371343e-01 1.980577705166466571e-02 2.954198654782148048e-01 5.874595239487452325e-01 7.255994396175741157e-01 2.612469373247415239e-01 2.308746462038026304e-01 4.333215092126258550e-01 0.000000000000000000e+00 8.041415001207875557e-01 4.409607185772075888e-01 3.582596227962190349e-01 7.643330249302668911e-01 8.305783270330524548e-01 7.253043476187816252e-02 2.227827785867179111e-01 1.015947220386710370e+00 6.251557845855636453e-01 6.190194829267632315e-01 2.477952296316516534e-01 2.253373402161628347e-01 8.543733105497223201e-01 8.820487290188238072e-01 4.481137482888344348e-01 4.570506145325970992e-01 2.585552088218182609e-01 7.087854663409764999e-01 8.199918104996245516e-01 5.544536847513268363e-01 7.238567079375514135e-01 1.997853289875433092e-01 1.768923179521882105e-01 8.577038188654843021e-01 7.963463478014095598e-01 3.109656927570927931e-01 8.813361128110841491e-01 1.297234501405472307e-01 4.704399921550599106e-02 6.904217158358975093e-01 2.427836334607959556e-01 2.961107912911400408e-01 9.249332762530951824e-01 3.887040771238794434e-01 2.893178830445851668e-01 1.619332548944212025e-01 8.748850024612453424e-01 4.578329184338060798e-01 1.512711225436214058e-01 6.271762167147136857e-01 8.589260707126740169e-01 5.116085028712774596e-01 7.619814969239500080e-01 8.354059775916307107e-01 6.203518405113375156e-01 5.160028101310613902e-02 2.611102278114825759e-01 2.321459508475752498e-01 6.140647970327940408e-01 3.781140252202956631e-02 5.719420288231303884e-01 8.312496549723162875e-01 9.682753386067184387e-01 3.273607228902216115e-01 1.985416397690732970e-01 7.795522994581337572e-01 7.983236282672027118e-01 1.840453162862195069e-01 5.670629819950500083e-01 3.522633744201695838e-01 5.236924227452598446e-01 8.763864496485102018e-01 5.722845432364469243e-02 2.700723527671731183e-01 6.199579269740859155e-01 1.032719147007787885e+00 4.860008469692536082e-01 1.935036241929836975e-01 3.513557228314327374e-01 4.531263864996895041e-01 2.915241749946095307e-01 7.714190364501469777e-01 6.755496472950582865e-01 5.910801833302569142e-01 1.221875431184825389e-01 6.459230896327081695e-01 7.052460407427300071e-01 8.003173588049478093e-01 5.107190916615801379e-01 2.559771449167753121e-01 7.735051255926596037e-01 1.013624682554198131e+00 4.715206826208608870e-01 1.814019563771983312e-01 4.564350258244748715e-01
1.874098512833839714e-01 6.702269856196730879e-01 8.038716766394330415e-01 8.003939980489841455e-01 7.144667626493684809e-01 7.052823983316446332e-01 7.133953141180182644e-01 7.911315960763501964e-01 5.120828489757516255e-01 6.693185686928507794e-01 2.873192044446077897e-01 5.770176343452587675e-01 5.802831912514224699e-01 3.751669747406926603e-01 8.041415001207875557e-01 0.000000000000000000e+00 9.281328060970626126e-01 6.572318861543379187e-01 9.089135325783858077e-01 8.585638942356851322e-01 7.508787093527443668e-01 7.630481827327922906e-01 2.518389532001177322e-01 6.409242409990150158e-01 7.124197831505783007e-01 5.565399028350248578e-01 6.609926119969539160e-01 4.905933590612463480e-01 2.023399507849922563e-01 4.078267317844425643e-01 4.521165359539418560e-01 5.484000800851525081e-01 1.429432982125769247e-01 7.929536205739378119e-01 5.693277313242754989e-01 7.398587328982489941e-01 7.805612836628691431e-01 6.509391955888015335e-01 1.191173589725050413e-01 6.736504733604531392e-01 4.936581986360298879e-01 8.594940667160876069e-02 7.995501050120514819e-01 7.609614239873205843e-01 1.674321903786135657e-01 8.712130679755173412e-01 9.849910485283122075e-01 3.987056527668491612e-01 4.298120774611598471e-01 7.917940323400219915e-01 6.836373349877127303e-01 7.079327828523224175e-02 3.805070512801717042e-01 6.765432181801539491e-01 8.007924309624596670e-01 5.931978774722364012e-01 3.021445671103683006e-01 8.033807539526751640e-01 6.670627289103026047e-01 5.380502823454301753e-01 7.631480603829223774e-01 7.749442115416127486e-01 6.313299249764785515e-01 6.358550857334329676e-01 7.901018641176097423e-01 4.037856985401035992e-01 6.526428747278987252e-01 3.372226993508072312e-01 9.207982701681665105e-01 8.262859174784886740e-01 5.936153794909878600e-01 4.791414462358769555e-01 9.801606867508475540e-01 9.083388875213532776e-01 5.306639672231958649e-01 8.306635998395910381e-01 1.580265841755766065e-01 8.261132949645828560e-01 5.455762748920631733e-01 6.344512183728878707e-01 2.496169018016816676e-01 6.641332185167063695e-01 7.724576208805219446e-01 9.821727072900272582e-01 8.374777032223373885e-01 1.047451584135266067e+00 8.614696722941748985e-02 1.848614577450454766e-01 6.645623996798752930e-01 9.095303509931416119e-01 5.584024866311332325e-01 3.447626843252081796e-01 4.198842029803829812e-01 3.032533793950127343e-01 5.898480045295930729e-01 1.654974943418795197e-01 2.879255182710495076e-01 3.330957649335026804e-01 6.279074972734337567e-01 3.544788884128813877e-01
